[gd_scene format=3 uid="uid://byt88scfbsw2m"]

[ext_resource type="PackedScene" uid="uid://bu1dkiqd3sawg" path="res://assets/Environments/Karu_to_TLU_v1.glb" id="1_3n0eb"]
[ext_resource type="Script" uid="uid://cd1x7j3kjr7ep" path="res://game/levels/playtest_level.gd" id="1_6xe7l"]
[ext_resource type="PackedScene" uid="uid://df1g2tgb4mhf0" path="res://game/player/3dCharacter/Character.tscn" id="3_ombyj"]
[ext_resource type="Texture2D" uid="uid://oofn0ftd1535" path="res://assets/UI/Alicja/Art_Files/TLU_background.png" id="5_4xv3o"]
[ext_resource type="Script" uid="uid://jj14wbdupi0a" path="res://game/scripts/DialogTrigger.gd" id="5_l0y63"]
[ext_resource type="Texture2D" uid="uid://dr5nrwg7jm015" path="res://assets/UI/Alicja/Art_Files/Karu_Background.png" id="6_6b5et"]
[ext_resource type="Texture2D" uid="uid://cv3enxek6mv1x" path="res://assets/Posters/good-job-poster-design-vector.jpg" id="7_mcq6k"]
[ext_resource type="PackedScene" uid="uid://p1caxt7ql1vd" path="res://game/collectibles/Collectible.tscn" id="9_bt8f4"]
[ext_resource type="PackedScene" uid="uid://cs3t23wdjo5ra" path="res://game/ui/ingame/InGameUi.tscn" id="10_yskq0"]
[ext_resource type="PackedScene" uid="uid://wpbcnwejelyu" path="res://game/ui/ingame/QuestMenu.tscn" id="11_5tcqt"]
[ext_resource type="Script" uid="uid://0xq2liivqarr" path="res://addons/minimap/minimap_node.gd" id="11_6xe7l"]
[ext_resource type="Texture2D" uid="uid://c8xlsyiyq7cty" path="res://assets/UI/PNG/buttonRound_blue.png" id="12_msc6x"]

[sub_resource type="ProceduralSkyMaterial" id="ProceduralSkyMaterial_nljnj"]
sky_top_color = Color(0.27009362, 0.43445107, 0.7677927, 1)
sky_horizon_color = Color(0.72482157, 0.51399344, 0.584588, 1)
ground_bottom_color = Color(0.033472195, 0.18774718, 0.2784718, 1)
ground_horizon_color = Color(0.7254902, 0.5137255, 0.58431375, 1)

[sub_resource type="Sky" id="Sky_uxguy"]
sky_material = SubResource("ProceduralSkyMaterial_nljnj")

[sub_resource type="Environment" id="Environment_uxguy"]
background_mode = 2
background_energy_multiplier = 2.0
sky = SubResource("Sky_uxguy")
ambient_light_color = Color(0.60612786, 0.3606096, 0.17430845, 1)
ssao_enabled = true
ssao_intensity = 1.0
glow_enabled = true
fog_enabled = true
fog_mode = 1
fog_light_color = Color(0, 0.58431375, 0.7137255, 1)
fog_light_energy = 0.66
fog_density = 0.0798
fog_sky_affect = 0.3
fog_depth_curve = 8.574143
fog_depth_begin = 2.0
adjustment_enabled = true

[sub_resource type="SphereShape3D" id="SphereShape3D_4xv3o"]
radius = 2.0

[sub_resource type="SphereShape3D" id="SphereShape3D_tutorial"]
radius = 7.904

[sub_resource type="BoxShape3D" id="BoxShape3D_mcq6k"]
size = Vector3(15.612793, 9.089355, 31.105042)

[sub_resource type="BoxShape3D" id="BoxShape3D_4xv3o"]
size = Vector3(15.529259, 6.3012695, 5.4316406)

[sub_resource type="CapsuleShape3D" id="CapsuleShape3D_11vo3"]
radius = 1.5996094
height = 3.579834

[node name="Tallinn" type="Node3D" unique_id=1206792960]
script = ExtResource("1_6xe7l")

[node name="WorldEnvironment" type="WorldEnvironment" parent="." unique_id=1563919294]
environment = SubResource("Environment_uxguy")

[node name="DirectionalLight3D" type="DirectionalLight3D" parent="." unique_id=919844708]
transform = Transform3D(0.7792286, -0.5542286, 0.29263198, 0, 0.46691144, 0.8843041, -0.6267398, -0.68907505, 0.36383075, 6.534383, 4.215336, 4.966818)
light_color = Color(0.8301198, 0.8229385, 1.1551381e-06, 1)

[node name="TallinnEnvironment" type="Node3D" parent="." unique_id=1245317640]
transform = Transform3D(50, 0, 0, 0, 50, 0, 0, 0, 50, 0, 0, 0)

[node name="Main" parent="TallinnEnvironment" unique_id=488862403 instance=ExtResource("1_3n0eb")]
transform = Transform3D(0.02, 0, 0, 0, 0.02, 0, 0, 0, 0.02, -23.54, 0.07, 0)

[node name="Player" parent="." unique_id=1492717194 instance=ExtResource("3_ombyj")]
transform = Transform3D(-0.8899026, 0, -0.45615074, 0, 1, 0, 0.45615074, 0, -0.8899026, -50.307858, -2.4450831, 86.970184)
ROTATION_SPEED = 100.0

[node name="Landmarks" type="Node3D" parent="." unique_id=1298327621]

[node name="TutorialGroup" type="Node3D" parent="Landmarks" unique_id=479623006]
transform = Transform3D(1, 0, 0, 0, 1, 0, 0, 0, 1, -50.490753, -2.6655073, 85.8778)

[node name="TutorialTrigger" type="Area3D" parent="Landmarks/TutorialGroup" unique_id=1562071146]
script = ExtResource("5_l0y63")
quest_id = "tutorial_wasd"
trigger_once = true
autoplay = true

[node name="CollisionShape3D" type="CollisionShape3D" parent="Landmarks/TutorialGroup/TutorialTrigger" unique_id=1442867140]
shape = SubResource("SphereShape3D_4xv3o")
debug_color = Color(0, 0.6, 0.69803923, 0.8901961)

[node name="Camera3D" type="Camera3D" parent="Landmarks/TutorialGroup" unique_id=1331246126]
transform = Transform3D(-0.9339303, 0.1557947, -0.3217177, 1.0219875e-08, 0.9000223, 0.43584383, 0.35745528, 0.40704778, -0.840558, -1.1029205, 1.6120219, -1.2896957)

[node name="TutorialCameraGroup" type="Node3D" parent="Landmarks" unique_id=2138771919]
transform = Transform3D(1, 0, 0, 0, 1, 0, 0, 0, 1, -56.373558, 0, 78.82038)

[node name="TutorialTrigger" type="Area3D" parent="Landmarks/TutorialCameraGroup" unique_id=2003616871]
script = ExtResource("5_l0y63")
quest_id = "tutorial_camera"
character_name = "wolf"
trigger_once = true
autoplay = true

[node name="CollisionShape3D" type="CollisionShape3D" parent="Landmarks/TutorialCameraGroup/TutorialTrigger" unique_id=1698654108]
transform = Transform3D(1, 0, 0, 0, 1, 0, 0, 0, 1, 3.2830305, -2.5359054, -0.8886261)
shape = SubResource("SphereShape3D_tutorial")
debug_color = Color(0, 0.6, 0.69803923, 0.8901961)

[node name="CollisionShape3D2" type="CollisionShape3D" parent="Landmarks/TutorialCameraGroup/TutorialTrigger" unique_id=2088681876]
transform = Transform3D(1, 0, 0, 0, 1, 0, 0, 0, 1, 9.964359, -2.5359054, 16.002945)
shape = SubResource("SphereShape3D_tutorial")
debug_color = Color(0, 0.6, 0.69803923, 0.8901961)

[node name="KaruGroup" type="Node3D" parent="Landmarks" unique_id=1465512441]
transform = Transform3D(1, 0, 0, 0, 1, 0, 0, 0, 1, -53.806698, 0.48384762, 62.004078)

[node name="Karu" type="Area3D" parent="Landmarks/KaruGroup" unique_id=1073626903]
transform = Transform3D(1, 0, 0, 0, 1, 0, 0, 0, 1, 0, -2.6575027, 0)
script = ExtResource("5_l0y63")
quest_id = "Karu17"
character_name = "wolf"
image = ExtResource("6_6b5et")
image_description = "Karu 17"

[node name="CollisionShape3D" type="CollisionShape3D" parent="Landmarks/KaruGroup/Karu" unique_id=1923397247]
transform = Transform3D(0.9563048, 0, 0.2923717, 0, 1, 0, -0.2923717, 0, 0.9563048, -7.249733, 0.45532227, -10.232304)
shape = SubResource("BoxShape3D_mcq6k")
debug_color = Color(0, 0.6, 0.69803923, 0.8901961)

[node name="Camera3D" type="Camera3D" parent="Landmarks/KaruGroup" unique_id=172738742]
transform = Transform3D(0.5977511, 0.16133755, -0.7852795, 0, 0.97954005, 0.20124885, 0.80168176, -0.1202967, 0.58552116, -18.893162, 4.858328, 13.648701)

[node name="UlikoolGroup" type="Node3D" parent="Landmarks" unique_id=51769365]
transform = Transform3D(1, 0, 0, 0, 1, 0, 0, 0, 1, 98.00276, 0.96769524, 92.86604)

[node name="Ulikool" type="Area3D" parent="Landmarks/UlikoolGroup" unique_id=1376926563]
transform = Transform3D(1, 0, 0, 0, 1, 0, 0, 0, 1, 54.843933, -2.6575027, -12.640953)
script = ExtResource("5_l0y63")
quest_id = "Ulikool"
character_name = "wolf"
image = ExtResource("5_4xv3o")
image_description = "Astra Building"

[node name="CollisionShape3D" type="CollisionShape3D" parent="Landmarks/UlikoolGroup/Ulikool" unique_id=425153786]
transform = Transform3D(0.9575211, 0, 0.28836337, 0, 1, 0, -0.28836337, 0, 0.9575211, 0.0519104, 2.4732132, 0.7214737)
shape = SubResource("BoxShape3D_4xv3o")
debug_color = Color(0, 0.6, 0.69803923, 0.8901961)

[node name="Camera3D" type="Camera3D" parent="Landmarks/UlikoolGroup" unique_id=1949331528]
transform = Transform3D(0.9566206, -0.0052166977, 0.29129001, -7.450581e-09, 0.9998397, 0.017906103, -0.2913367, -0.017129349, 0.9564673, 67.60541, 4.8707066, 36.797913)
fov = 38.6

[node name="RKioskGroup" type="Node3D" parent="Landmarks" unique_id=1964313086]
transform = Transform3D(1, 0, 0, 0, 1, 0, 0, 0, 1, 8.392082, 0.96769905, 117.730865)

[node name="RKiosk" type="Area3D" parent="Landmarks/RKioskGroup" unique_id=1056757404]
transform = Transform3D(1, 0, 0, 0, 1, 0, 0, 0, 1, 54.843933, -2.6575027, -12.640953)
script = ExtResource("5_l0y63")
quest_id = "RKiosk"
character_name = "wolf"

[node name="CollisionShape3D" type="CollisionShape3D" parent="Landmarks/RKioskGroup/RKiosk" unique_id=496728420]
transform = Transform3D(0.9575211, 0, 0.28836337, 0, 1, 0, -0.28836337, 0, 0.9575211, -4.389267, 2.4732132, 2.05896)
shape = SubResource("BoxShape3D_4xv3o")
debug_color = Color(0, 0.6, 0.69803923, 0.8901961)

[node name="Camera3D" type="Camera3D" parent="Landmarks/RKioskGroup" unique_id=254098416]
transform = Transform3D(0.9566206, -0.056153566, 0.28587386, -3.7252903e-09, 0.98124903, 0.19274461, -0.2913367, -0.18438345, 0.93868303, 57.942543, 4.8390064, 15.122696)
fov = 38.6

[node name="LinahallGroup" type="Node3D" parent="Landmarks" unique_id=1938856813]
transform = Transform3D(1, 0, 0, 0, 1, 0, 0, 0, 1, -128.34785, 7.6293945e-06, -5.9675713)

[node name="LinahallTrigger2" type="Area3D" parent="Landmarks/LinahallGroup" unique_id=116706048]
transform = Transform3D(1, 0, 0, 0, 1, 0, 0, 0, 1, 65.54173, -2.083352, -335.18948)
script = ExtResource("5_l0y63")
quest_id = "quest_2"
trigger_once = true

[node name="CollisionShape3D" type="CollisionShape3D" parent="Landmarks/LinahallGroup/LinahallTrigger2" unique_id=1110471703]
transform = Transform3D(1, 0, 0, 0, 1, 0, 0, 0, 1, 0, 0, -11.4479065)
shape = SubResource("SphereShape3D_tutorial")
debug_color = Color(0, 0.6, 0.69803923, 0.8901961)

[node name="Camera3D" type="Camera3D" parent="Landmarks/LinahallGroup" unique_id=403596016]
transform = Transform3D(0.9976125, -0.040264122, 0.05610782, 2.6953633e-09, 0.81245, 0.5830309, -0.06906003, -0.58163893, 0.8105102, 60.891106, 35.51307, -315.28976)

[node name="Collectibles" type="Node3D" parent="Landmarks" unique_id=289880703]
transform = Transform3D(2, 0, 0, 0, 2, 0, 0, 0, 2, 0, 0, 0)

[node name="TutorialCollectible" parent="Landmarks/Collectibles" unique_id=1791445064 instance=ExtResource("9_bt8f4")]
transform = Transform3D(0.1914063, 0, -0.46191302, 0, 0.5, 0, 0.46191302, 0, 0.1914063, -21.224287, -0.5560936, 39.07273)
collectible_id = "tutorial_collectible"
image = ExtResource("7_mcq6k")
description = "Tutorial"

[node name="Area3D" type="Area3D" parent="Landmarks/Collectibles/TutorialCollectible" unique_id=1388909782]
script = ExtResource("5_l0y63")
quest_id = "tutorial_collectible"
character_name = "wolf"
collectible = true

[node name="CollisionShape3D" type="CollisionShape3D" parent="Landmarks/Collectibles/TutorialCollectible/Area3D" unique_id=1880335655]
transform = Transform3D(1, 0, 0, 0, 1, 0, 0, 0, 1, 0, -0.31384277, 0)
shape = SubResource("CapsuleShape3D_11vo3")

[node name="UI" type="Control" parent="." unique_id=1008533477]
layout_mode = 3
anchors_preset = 15
anchor_right = 1.0
anchor_bottom = 1.0
grow_horizontal = 2
grow_vertical = 2
mouse_filter = 1

[node name="InGameUI" parent="UI" unique_id=705259701 instance=ExtResource("10_yskq0")]
unique_name_in_owner = true
visible = false
layout_mode = 0

[node name="QuestMenu" parent="UI" unique_id=1846370065 instance=ExtResource("11_5tcqt")]
unique_name_in_owner = true
layout_mode = 1
anchors_preset = 6
anchor_left = 1.0
anchor_top = 0.5
anchor_bottom = 0.5
grow_horizontal = 0
folded = true

[node name="MiniMap" type="SubViewportContainer" parent="UI" unique_id=1946928083 node_paths=PackedStringArray("camera_3d", "target")]
layout_mode = 0
offset_right = 256.0
offset_bottom = 128.0
script = ExtResource("11_6xe7l")
camera_3d = NodePath("mmCamera")
zoom = 2.0
window_size = Vector2i(512, 512)
target = NodePath("../../Player")
marker_image = ExtResource("12_msc6x")
border_line_color = Color(0.34509805, 0.28235295, 0.2509804, 1)
metadata/_custom_type_script = "uid://0xq2liivqarr"

[node name="mmCamera" type="Camera3D" parent="UI/MiniMap" unique_id=1971103540]
transform = Transform3D(1, 0, 0, 0, -4.371139e-08, 1, 0, -1, -4.371139e-08, -50.307858, 75.35878, 86.970184)
projection = 1
size = 200.0
