[gd_scene format=3 uid="uid://fcktt12ppqtc"]

[ext_resource type="ArrayMesh" uid="uid://dru88bxi8nxj" path="res://assets/Environments/kenney_watercraft-pack/Models/OBJ format/ship-cargo-c.obj" id="1_ibfxb"]
[ext_resource type="ArrayMesh" uid="uid://xl75foq2ypf8" path="res://assets/Environments/kenney_watercraft-pack/Models/OBJ format/ship-ocean-liner.obj" id="2_nljnj"]
[ext_resource type="PackedScene" uid="uid://drieop7e3w5ai" path="res://game/cars/test_car.tscn" id="3_nwgy1"]
[ext_resource type="PackedScene" uid="uid://cs3t23wdjo5ra" path="res://game/ui/ingame/InGameUi.tscn" id="4_8sy56"]
[ext_resource type="PackedScene" uid="uid://c28d5kllphpgw" path="res://assets/Environments/Tallinn-Vannallin-merged.glb" id="5_ibfxb"]
[ext_resource type="PackedScene" uid="uid://bavawpagwfrc3" path="res://assets/Environments/Tallinn-Heightmap-decimated-0.02.glb" id="6_nljnj"]

[sub_resource type="Sky" id="Sky_uxguy"]

[sub_resource type="Environment" id="Environment_uxguy"]
background_mode = 2
sky = SubResource("Sky_uxguy")
ambient_light_color = Color(0.56611246, 0.3837168, 0.23042148, 1)
glow_enabled = true
fog_light_color = Color(4.042983e-06, 0.58609957, 0.7147731, 1)
adjustment_enabled = true

[sub_resource type="StandardMaterial3D" id="StandardMaterial3D_e18qg"]
albedo_color = Color(0, 0.23951492, 0.23958045, 1)

[sub_resource type="PlaneMesh" id="PlaneMesh_1sbjy"]
material = SubResource("StandardMaterial3D_e18qg")
size = Vector2(100, 100)

[sub_resource type="BoxShape3D" id="BoxShape3D_hxu3w"]
size = Vector3(10, 0.18935546, 10)

[sub_resource type="BoxShape3D" id="BoxShape3D_m8l0e"]
size = Vector3(0.36932373, 0.17599487, 1.0263672)

[sub_resource type="BoxShape3D" id="BoxShape3D_q2b0o"]
size = Vector3(0.45874023, 0.84399414, 2.0827637)

[node name="TestLevel" type="Node3D" unique_id=1206792960]

[node name="WorldEnvironment" type="WorldEnvironment" parent="." unique_id=1563919294]
environment = SubResource("Environment_uxguy")

[node name="DirectionalLight3D" type="DirectionalLight3D" parent="." unique_id=919844708]
transform = Transform3D(0.7792286, -0.5542286, 0.29263198, 0, 0.46691144, 0.8843041, -0.6267398, -0.68907505, 0.36383075, 6.534383, 4.215336, 4.966818)

[node name="DirectionalLight3D2" type="DirectionalLight3D" parent="." unique_id=1126989556]
transform = Transform3D(-0.47734302, 0.7770531, -0.410283, -6.76488e-09, 0.46691144, 0.88430405, 0.87871706, 0.4221162, -0.2228768, -5.217474, 15.310678, 4.966818)
light_energy = 0.1

[node name="Sea" type="StaticBody3D" parent="." unique_id=1716101656]
transform = Transform3D(30, 0, 0, 0, 30, 0, 0, 0, 30, 0, 19.3, 110.878)

[node name="MeshInstance3D" type="MeshInstance3D" parent="Sea" unique_id=1347738978]
transform = Transform3D(1, 0, 0, 0, 1, 0, 0, 0, 1, 0.0035648346, -0.7219883, 0)
mesh = SubResource("PlaneMesh_1sbjy")
skeleton = NodePath("../CollisionShape3D")

[node name="CollisionShape3D" type="CollisionShape3D" parent="Sea" unique_id=581269944]
transform = Transform3D(9.999993, 0, 0, 0, 9.999993, 0, 0, 0, 9.999993, 0.0035648341, -1.6761198, 0)
shape = SubResource("BoxShape3D_hxu3w")

[node name="Ship" type="StaticBody3D" parent="." unique_id=631840034]
transform = Transform3D(-0.8488979, 0, 0.5285569, 0, 1, 0, -0.5285569, 0, -0.8488979, 206.62384, -3.1153765, -239.33112)

[node name="MeshInstance3D" type="MeshInstance3D" parent="Ship" unique_id=1312942488]
mesh = ExtResource("1_ibfxb")
skeleton = NodePath("../CollisionShape3D")

[node name="CollisionShape3D" type="CollisionShape3D" parent="Ship" unique_id=912873998]
transform = Transform3D(10, 0, 0, 0, 10, 0, 0, 0, 10, 0.0032596588, 0.5330169, -0.13183594)
shape = SubResource("BoxShape3D_m8l0e")

[node name="Ship2" type="StaticBody3D" parent="." unique_id=1348341493]
transform = Transform3D(-0.8488979, 0, 0.5285569, 0, 1, 0, -0.5285569, 0, -0.8488979, 215.40273, -3.8385262, -253.4306)

[node name="MeshInstance3D" type="MeshInstance3D" parent="Ship2" unique_id=2135038177]
mesh = ExtResource("2_nljnj")
skeleton = NodePath("../CollisionShape3D")

[node name="CollisionShape3D" type="CollisionShape3D" parent="Ship2" unique_id=422777494]
transform = Transform3D(10, 0, 0, 0, 10, 0, 0, 0, 10, 0.007226944, 1.3104522, -0.08911133)
shape = SubResource("BoxShape3D_q2b0o")

[node name="Car" parent="." unique_id=1836486299 instance=ExtResource("3_nwgy1")]
transform = Transform3D(0.097044274, 0.0001625994, -0.99528015, -0.0016755156, 0.9999987, 0, 0.9952786, 0.0016676069, 0.0970444, -11.231995, -0.6109619, 0.61550903)
MAX_STEER = 0.4
ENGINE_POWER = 2000

[node name="InGameUI" parent="." unique_id=705259701 instance=ExtResource("4_8sy56")]

[node name="TallinnEnvironment" type="Node3D" parent="." unique_id=1245317640]
transform = Transform3D(30, 0, 0, 0, 30, 0, 0, 0, 30, 0, 0, 0)

[node name="Tallinn-Vannallin-merged" parent="TallinnEnvironment" unique_id=694232344 instance=ExtResource("5_ibfxb")]
transform = Transform3D(1, 0, 0, 0, 1, 0, 0, 0, 1, -7.6834297, 1.2832336, -35.466873)

[node name="Tallinn-Heightmap-decimated-0_02" parent="TallinnEnvironment" unique_id=616442797 instance=ExtResource("6_nljnj")]
transform = Transform3D(1, 0, 0, 0, 1, 0, 0, 0, 1, -7.953, 1.283, -35.577)
